4164607469918052864
4093499716756006400
4091987621711339520
2434487848995676160
4147702343281044992
3299909029415051776
3361870876432885248
3138870173471303168
4165189564918621696
3065721299130213888
2922758942289977856
-8528205512634376192
4245092096947672576
1084401382924117760
3354855970572370944
3337120832976913408
814682635927654400
453835997327986816
-5418505838975705088
922087614805927552
4453384687815452160
4109966558890524672
3329256196517940736
3588111951998445056
4164013593917093376
4434087189234153472
4055923363211278848
4073800305737492992
4147120671497087488
4163923970900916736
4416107962272807936
4127877582367195136
4398075970977758208
4164590468356864512
-5818339787940856832
4452101574248397824
4164030645337488384
4091956627078412288
4236067554680994304
4164027329285094400
2327377972105994752
4381467281405994496
4444975616847473152
2831542536900208640
3379417450879871488
4287752461074522624
4164009719955286528
4039616059734978048
4309285992409558528
4093650989548267008
-6158784821659571200
2307896653419867648
-6286589826474422272
4345790432058762752
4388575072242132480
4126731903563154944
2940213421047703040
3480606721522003456
2306697902258873856
3027431083489715200
3030809081754633728
2922159710736441856
2400374923171415040
2883176519430252032
2560254361257337856
4291258202225861632
2974937613597049856
3064587213056207872
4073397304874191872
4072257252869751296
4090263413533928448
4102703691858406912
8043157260004212736
8050482206544531456
4165699115279672832
57002283148912288
-6339474217965433856
2911902894903488000
-6320648311690760192
3083285971318833152
2945927832085687808
2904303087817027072
-5185446081216483328
4217384962408015360
-4997006121930324992
-8608908426955785216
3643281005120679424
4219179339279189504
3623582850452251136
3515492467290369536
4236384660607100416
-5006989760638056448
-293409877845897600
2903055124914439680
3092734229892001280
-2719880603661277696
4236648960278095360
4200764746538018304
8683406591277879296
4072846986005917696
4090281145876180480
777865337712371456
4218088121232860672
4233818250408224256
4091689325897803264
-5511938233717069824
8281866616290813952
3064595508416612352
2974551963718862336
2507301114276716032
4236067864322657792
3731667458728617472
3480888096176563712
777042233099857408
4089982379293503488
2219079882078160384
2939647054280344576
3588129821783452160
4055413716603503616
3495788823209013248
4233816368780428800
4288440325693001216
4197787269501243392
3657936384773524992
3080633425383083520
3083149116979959296
4245674318520215040
2579324288614295040
3657355346494049792
-527031928845212032
4504032043627473408
4234379022381278720
4236086010425331200
2900630188334131200
8917577279798210560
-7337620258230423552
4237195967111570944
4506883234343118336
8972077837232523264
4305873692768284672
4055923912950105600
4237228921053471232
-1122801750408471296
-5005880447907434496
-5689810219766960128
3080912710330959360
4056082322082443264
4235505343358979584
4081590865412711936
4234372391531668992
-7439778035211473920
4182165377794927616
4219213437192267264
4091389756174657024
-6895142054238461952
-2267657202724090624
4039052972777424384
1769678176619055616
-6276423704034703360
3263414591868994560
4147728831213947904
3517214849847504384
-4989973256436494336
-5563905104450009088
3044864667096983040
3082726363353081344
2975078694348662272
1352074965147403264
-7286537219079780352
4055873320919590400
4057382924690354176
4093659658965642752
4053973328286129664
4216417967765679616
8665382312837804032
4089419420827332096
-339026413677553920
-3403162464703740416
4091955437269501440
3695636037819844096
4246270262278311424
-2718017608448793600
-5169697192051456000
-1708672073197858816
3585167958494111232
8674405045090788352
3659765972022552576
4089788836692323840
-6175972466395487232
-411048705229771136
4233678086411847168
4233748461096035840
-4989515829568207872
-5566297908206350336
-7331284550647266304
-5563307511325431808
-4989694477021050880
-7942210742614276096
4307034729690392064
3092487816351990784
-5726453072546936832
3498905818448216576
4090035131587650560
-9195917466056110080
-5024740318793750528
-4989485584949161984
4182605766470362624
-5133633940210423808
7638870538557212672
8161413426722383872
4234431953559825920
4246623177997176320
3515516699558700544
-1089154463260841984
-413333024378436096
4074554557658523136
4147718805992730112
-2861320692820341760
9133735344618231808
4306436623570529792
3056001611847812608
3657910019445695488
4090281422834050560
-5185425016077529088
4236067892135070720
-5744418974445113344
-2719738934153680896
4093096326616344064
-5761606644822152192
4181180230341715968
-557738419119299584
-5599228854159840256
3477791879316596224
3083744484776535552
4165047109178975744
4291798810162061824
-3770699337340264448
-3771262475496168448
-4329145840640038912
-2163442189759518720
-6068098228246852608
-4329709343310454784
2236882652866232320
3733388361828820480
3589273586103428608
-5490019546626496512
3517268770766874112
-6067183445172131840
3153937959966172672
4291658244073481728
4435795250450490880
3569534002643755008
3499289520506363904
3732315101039651840
3516145033716919296
-6067606215513313280
3444982614004559360
-5563761595866519552
4216808853239981056
2578751479496796160
3661348774407791104
2576490589346883072
2865867760488376320
4875578474270191616
2652578192273139200
4891340660778622976
2794300256981049344
8892806401087268864
4561542854599992320
3711960903099559424
3641032511798584832
-7228865849201631232
4586908590289676288
4218615311590977024
3641046258010255360
4146065720224145920
4363364408683094016
4308687888153273344
3641119957400904704
4290180363275872768
3517271792444188672
-6158223001513792512
3066838988840331264
1858166723663045632
2868121462838076416
3587548981110400512
3661296030464827392
4155002550835637760
4228209141365564416
7191045474233837568
3568976051900329472
3568954063440932352
2343308063889911296
2668835324538682880
3497494630041480704
4075152756942732800
4327318595641302528
472207074015927424
4075065363085610496
4039055792420453888
4072266540799847936
3567288338362105344
3588697957435862528
3877327458389091840
3588693562012093952
4075081290974918144
3819607521748078080
1478792354779655680
3748572473524121088
3568285620641359360
3496373093346465280
3496441778397398528
3498620495180684800
1189404149796892160
1768674704066702848
4146083310225288704
1262583348844156416
3498602318744407552
3495319796034465280
4071635344088782336
1189406186148756992
1515417619540504576
2670033450360404992
2345681351012285952
4165158262928603136
4092977964560573952
4453361082570075136
4219763311236181504
3587543472176852480
3587571544751566336
3516635518943526912
-8031720476699504640
3571226720156798464
-8030045885472284672
4453371046892961792
1191162303787466240
3930966102359567872
3496478724105461248
-7599936659429490688
-5724748234615267328
3498622771377667072
3643300832098540544
3786286829248859648
4290130294219963904
3569976566309408256
3496373651624455680
-4862945523074177024
-4718090294884794368
3544255733880811008
1624034610856742400
-5581656623013789696
-5295147944698286080
3515616891817123328
4165716402586812416
-5437223676278439936
4164045522872725504
1913971429195664896
4237197717242530816
-5129607259921874944
4093089676258471424
3498622221757540864
3499162558706044416
4165254953377754624
3498673864311073280
3570683659724541440
3589260460915191296
3496336852950215680
3460433399788103168
4237192700717526528
4237844743460453376
4308247504178609152
4146858539143687680
3588132912009408000
2559057612137455104
4110004460265495040
4147741895665412608
3570396039252241920
-4715944082812801024
-5562585696970702848
4237267534153149952
2345751224389888512
3570677546509888000
3640507046202465792
3498639193725169152
3082042516241153536
7533339954284621824
-5435958722373982208
-5652144148471977984
3578666840463469056
2418302019693865472
-6859022571705962496
-6877109035000758272
2343992278347828736
3785725491654583808
-6589014886285280256
3569622049707421184
3499184617932750336
2632224093314121216
3012217446472904192
-5688685867531085824
1732111072621259264
3587671563269467648
3488491831111347712
3066842906151058432
3930845706510953984
3823447608991762944
3588697989649300992
3498599095506267136
3516616758392220672
1480872106659380736
4147719941878214144
3505799215054277120
-6411707684476625920
3570731389834186240
2939645798132436480
3498602327537053184
3499204928493543936
3534702593416584704
2562295040104164864
-5725455744104118272
3748658210067016192
4165720182028594688
2345681439442103296
3535124350343867392
2740871750694174208
2630622074808200192
1497338981207010304
3499161977275969024
344993007249817344
2669378729644084736
-5652644941790945280
4363919696381496832
3571226754714861056
-7887514054123298816
4453948258220665344
3587553400459652096
3858946991159270912
2632842027438726656
-5760181070093463552
4291254100464921600
-7454694480791312384
4075715738708835328
3715360047689591296
3858329063612499456
3876959223530421760
4019367346222614016
-5725279848147554304
2723991538697534976
3495245038240426496
-251148479134081408
4091407354480262656
3496355475395149312
-789298964833993472
-5004732976392280064
-8031051122701735936
-7887604197293260800
3498691482265353216
3589256507396879872
-6571427096945655808
-1112501980583793152
3642741215576485376
2921060832946449920
4075102696617830912
3228410088377383936
-5580087138949044224
4291276544419448320
3732280707508499968
2436316860915286016
6380929831833731072
4147126205778644480
-6211673558262318080
-5580630786512027648
4219249184145367552
3642102955529104896
4147760101964673024
4291236403065873920
1733201822614965760
4363874616408432128
3571240459754228224
-8031157981475340288
4147243819649096704
4146012435278946304
-5147865200657014784
4309831352160513536
4003006095484744192
-5151668458636869632
4071769484486868480
4218617036283475456
3569552713735685120
3515537006145981952
4290102847734119936
3497600113899892224
1336311590736653312
3641609194806988288
3155785144194072064
3066340979764526592
3714869216475766272
2559621072353058304
2381730027686742016
3713773452275378688
2344556400825630208
3802614092731809280
2705423982825728512
4109966527042027008
3011510458616441856
3569549034661498368
1264685039486266880
3876927304875408896
3999647105161787392
3677639654516354560
4092514597586030080
-5581164084952413184
2904421356547636224
4470555797778070528
2919892627616005120
3533526699482566144
1354329012836789760
1156749281503432192
3498603461748284928
-5147726112835088384
4075626064220999168
4073946045084564992
3714775655042665984
-5004175008253640704
4183169330625071616
4073956421189135872
3641593849427360768
3571232870013173248
3499193968273157632
3569625933899652608
3571265305805876736
3498605138931568128
1372903888000601088
3714074815573020160
4075661764325170688
4146039373380214272
-5724751472145170432
3642720092531030016
1406399199510482432
3927486174229449216
3931565258884677120
-6084475453741694976
-6300665827836006400
-6877671869394919424
-5706116975589761024
-6449124026985187328
4093690559228837376
3497462744335412736
3785145490547174912
3999928503250611712
3787195233489681920
1481570855019376128
8830355315341357056
8345061394821312512
-5221965687168806912
-5004172225184235520
3589320861305556480
3497599564680282624
2849521581331673088
3570679193025011200
3498607361174892032
2417739018598317568
8200857419236274176
3677094391382953472
3641030375061744128
-5652706000924025856
4162356606441777664
2723878291284051456
3570132256925109760
3786850365197417984
3426584964322590208
1229383088504924672
2651943428350639616
364010744345554688
-5706152161571346432
-5076761467117213696
-6300614670681669632
2344467501042460160
-6770745582826924032
3499270899397720576
4219830313140310016
4577251302397009920
2705465835805568512
3498602359681336832
3462582979920162304
3229003278930181120
3928156815722184704
4183220475698502144
3840876515477974016
3568408727250102784
1190244280131472896
3857237278831439872
3462626882534001152
3747989728603826688
-6861363951110686720
8110870640383516672
2398516306340375040
-5474907246751227904
3553244274192903680
3515530475064289792
4147156474581377536
3589243386004139008
-7669878836348657664
4308147448153728512
-7528015439194071040
3729835221285430784
3803159418626139648
-6862051210838081536
3712529975691603456
3567164058648243712
3480588582595100160
4093096232122469888
-5634692702191458304
-5150560756890832896
-6448845953355055104
3586457704577003008
8323048235192446976
4093082423806421504
3495245574173058560
3649491400759596544
3639925915784801792
-7525622915080486912
-7996957157065594880
1588958987745641984
4237087110997623296
1297455090465916416
2363577092662511104
-8932440951255971840
1856338222975706112
2067143767263504896
-3894716825350936576
-5438771797099125760
2417778616181344768
3498041009466911232
3570098618544647680
-6880505357661870080
3586458322916632064
2307418436556582400
3642717582249127424
3604314323298962944
3676497296024825344
3855372435975857664
-5057672812122705920
4434301007636557312
4291328218713385472
-5399928249915113472
4102648209324011008
-6214446498267639808
-5130293991632830464
2649572196505507328
-6592764287906452480
3570678594347159040
3568989802470465024
4001933213258116608
-5692116953829310464
2434650623723200000
3714287006280084992
2688595508672744448
3931512555476708864
2921052028302288384
3499221941463838208
3495228579656265216
-5726413651134494720
1840146808702258688
39268877047069304
1264809799696809472
1840153410268528128
2416607603684965888
3533930289581357568
3516634895707762176
3606776679926619648
3497336815763285504
3586844799172693504
4091988962379188736
4290110030568967680
3569534674503302656
-5653249716488601600
4109991257463803392
4037910135192317440
4147139365777590784
4073948819762859520
3156331574091607552
4218478420779490816
3497467631384873472
1858186504029228544
2342398218681482240
2345207524293241856
3642806568000906752
-6807322915885916160
1823255122811833856
1153869067862834688
4162884990832569856
3570681354063863296
3678752357735687680
1227666098556919296
1264733929702583808
3571224031718702592
2634598698656890368
3498620465254391296
2417788539033112064
3732808266362416640
3715393585278316544
3570659947950009856
4219239841176440320
3858327348176186880
2488670111501544960
3478340819788201472
4435374139711507968
1246821274066245120
-5545745472930906112
3894938439211578880
3569535121515111936
3534068724899603456
3299183452635813376
4308687342591437312
3499166924551977472
1263712451118263808
4110552635124538880
1948255472904982016
3642736276702920192
616158481300217600
3516634419365903872
4073956520707258880
3516634862087793152
-5421880622331887616
4164009722022423040
-5365745592915172352
1193341613549907456
-8716262052972965888
-5760796788013506560
4091955527998143488
2434504934543482368
4254100404938690048
4272096663451430400
-5724751463962353664
-5075810461027966976
3534636725664435712
-5724769090239234048
4147121292421777920
3462654894174273024
3012231707641413120
4143773206229900800
3965927308551020032
3605581875403185664
3570679163564803584
3589309384689614336
-5724295192404271104
38201714978221816
-5436530990194070528
4471275393778631168
3787378053239760384
3859459329290952192
2777903345404105728
3749696149108193792
2488689967065361920
4309819255582772224
2001245061570252288
2344079753812081664
3301028403012398592
4003041832436133376
2702597209301732864
2777482193125408256
4363294553288441344
2848395681155411456
3642172189987732992
2560781593958907392
4290216323017302528
-6301771871778669568
4380770839640702464
2309671886494924288
4091966518285597184
3639336034176761344
3209827753934614016
4218107410564468224
2371598023405959680
-392514837143072896
3570154146163617280
4219753371221127168
3625179206111424000
3787414992470895104
111913653248487136
4147680977929661952
4452858056071474688
-5635804374485008384
3237411478288231936
4417635821694647808
1426683980143816192
3676548655106903552
3928714242414240768
4524333416286940672
3577417036792360448
-5726419525973872640
1596978832872861184
4380190267704700416
1066537060844465920
1514224069604830720
1550816950583839232
1451454089076763648
1478651814860455424
4540817888931368448
4144869999282121216
3514383136831270400
3820628968053429760
4162637050557917696
2418301467789125120
4072865699611373056
3588674904067893760
3642737957982404096
1291646198669004288
4071709111760546816
3858943106697154048
3569008489534488064
3857081970936630272
-7673254375795659776
3856023355319077888
3819573711629872640
3786357736178863104
3462063726824672768
-5439332827073163264
3786924268432321536
-5436521655012800512
-5435957107633428480
3499220630965251584
-5436536484864734208
3858910737274162688
-5762609328934618112
3928784598674664448
3534631189450554880
3463207468159225344
-5292987030018037760
435054618728258560
3606690368206592512
3786764087358483456
3497554025140014592
4524301643661069824
3495296680521460736
3643299187730509312
3514400108361772544
3498620791933008384
3859542578770760704
-5582835346655780864
3498690903050513920
3642718989255540224
-5654381934072801280
3930990324362856960
2490360164019264000
-9222464021117632512
3713673502546086400
-248672838378524928
-6913117924679070720
7246038457280462848
-6877249690749614080
4075697014731328000
7461787613551554560
3497917340146101760
3585314199600328192
2434700060943216128
-6700854491285786624
3930966102290820096
2991952866949627392
4074501263758616064
3209861769736377856
3785165603408864768
3822371737329560576
3532422893230587392
37604769873225464
-6427294928315453440
-898035092643484160
3282447687166029312
3713017538437991936
3751386153714281984
3999697639228853760
3569558793103896064
3460447668035411456
866373784487349760
-5581762734003040256
4505511984762277376
4362098905595536896
3497970589721460224
3642790993711287808
3712559582780320256
3891437546844407296
2345121781198908928
3569553847437651456
-5076759345471533056
-5652127690690375680
3877467371442825728
1227715611272169984
-5726598128099504128
3570663321243110912
4370068165772142080
1307655534444170752
3712477130279767552
-5465793454863908864
148488039288988928
4075679905866998272
4039616461180464640
-5568955900288335872
1787781531870653952
2488125844185972224
3641028691895942656
3963653955849968128
4287880150255562240
3928185987074516480
4288422787161685504
6306127615838609408
-7601152453291128832
3748007908662995968
-7811181102164841472
-7883519885660297216
3444565177006247424
2894593848356595200
3380955984701908480
1138172133078689280
2975649375035944448
1999942596799390208
1357994502463058432
1948230452655908352
4598053467311269376
3011145969776682496
93887122928400000
4218634694845491712
3587563188220423680
2939586012126014976
3236832235849147904
2939629855079360000
3056688250755966464
2894664225836984832
3020685289978228224
2984665838672635392
3227860226989508096
2948637024288466432
2930622780401149440
714842839110084224
3075334909133735424
3208755132273485312
7678568372557276160
3237991704953310720
3084132092602140160
3064462339539889664
3084289851238343680
3210954177590093312
3066873600611018240
4147738217096955392
3183914948633486848
-4770531598455051264
2903636266377274880
2939699145924109824
2937360491465041408
4093712442252027392
2885659216616842752
4342482993243710976
2883405256368285184
2921624280751105536
4039598879728289280
4173579310863705600
4156745286505950720
2479839564018624512
8656913113571063808
4118445399787922944
4075627668198352384
4453841535198776320
4092831181671196672
4165179591809788928
4128596100194198528
3551555905395256832
3731698790984737792
4074042765666118656
3588691940555769856
4237210265456625664
3012232285621536256
3651724721845896704
4237826515421062144
4309277729227950080
4128033132557593088
3516528756529784320
-6336211614845961216
4305643860679705088
2940736273568162304
4147674810529825792
4309857188746585600
4273240703219492352
4308141984954434560
4145969627983067136
1427584196865910784
4075063060852066304
4290672927405458944
4093552448011985408
4092937863969597440
4309286020197057024
4091997214537641472
4046352346542237184
3496352174640852480
4246810064581488128
2040053486256484096
4164626580441746432
4092014903439674880
4164538716148624896
4093677287951327744
3498041052792046080
4092621204817864192
3588561792179301376
4146562665188912640
4038488924956747776
2994613898363999232
2904725858594940928
3589290628500243968
4039651888827582464
-4923118541189289984
4092569179551788544
4237668299637620736
4165000483047826944
2992001280292939776
4273819595419641856
4075117488389779456
4174727793766393344
4252832701623003136
4075661211853874176
-5126211359718298624
3569586785742973440
4092567429881753088
3867221988989624320
3864547998185705472
3570133962196472832
3713686178645304832
3579211519460009984
4091952671448523776
3576950884897015808
3588139566762980352
3588148193202683904
3585887754070671360
3587585228286089216
3585333617383916544
3882561277855954944
3865119703968675840
4162216438001986560
3587575897466762240
4165145687604100096
3587576610366309376
4146594665109803520
4308161183361426432
4459594860685314048
3597155430843696640
4452830694947047424
3597146763599437824
4308714267976286208
3588104221329092096
4164046001795450368
4432573121188478976
3865109812119486464
3597155525602992640
4164046167151362560
3301026131250274816
-2626304678428382208
4093693194094929408
3524535015969804288
3588113148217803776
3567882168557004800
4146585338185737728
3579130720386172928
4146593992746166784
4308688536894324736
-5637484321447975936
4162357261658387968
4308715373997736960
3865119737791792128
2939611747665277952
2660951473448182784
-5735180443516898304
4308126003179447808
3760128899716491264
4075372031969289728
4219606559825882112
3588115349624482816
4102684446000048640
4380033101903064576
-5707001616544142336
2920752881209922560
5705121748254357504
-7021766800284637184
4073656802289803264
4390738908911396352
-5140153333537550336
4164999860378159616
4074501222922677248
4173475410764261888
-5004755625689520128
2901314095335826944
4381890078124828160
2921684212841670144
2886677409717511680
2937395643177199104
2921615577150350848
-5626814774426572800
3587585384982531584
4308160122771107840
3083744489311004160
4155601754572345856
4164608938794706432
4453789305980472832
4091992258229005824
5623740071268214784
4183713507479806464
4469682235990761984
3155785040681715200
2199869079688537600
4217508629851883008
6651697688961116160
8993549154218700800
1820485343448295424
1084149009774962688
3155802637433185792
2928335676355864064
5903516829958818816
4127840220043440128
1027290036338457344
4524720452499819008
4164608949434271232
2940755778780456448
2940720042638992896
4164607850089964032
4092400892122129408
4146594666852278272
-5358261110190477312
3596592431768692224
3588112504174039552
4092532668087036928
4164609121601940992
3876378715450144768
3874126906980979712
3585895912421882880
4020493929028939776
4146594553438889472
3594903745114563584
4164678197558339584
3002037201021329408
4146022251194378240
2434647765661220352
3588112639196548096
2363714456717911552
2578779016946143232
-6780007351590109184
4173607522613553664
3873563961321288192
3587584392847319552
4092528306588044800
4306440469140566016
4164572702157393920
4147684180436542464
4057629455839226368
3589257293087204864
4237773784530905088
4092516403451576832
2994762134157880832
4056530433167158784
4091982938016335360
4236449980481104896
4164066353463782912
-5148009316561886208
4075661214142522880
4219227290609741312
4183431530468699136
4165135301976876032
-5147710798855577600
4219777183736742912
4075120778768112128
4075107187480420864
3009408198159910400
4234374079110249472
3065694455465567232
2994797956335265280
-6336660411505613824
4075626122046694912
6380343302078427136
1796797469306014720
4093183576926416384
4146034351894130176
4092533939435240960
4091986751879767552
4162320354735901696
4236102528431512576
4308687323366255616
3011509908126920192
-5058940087317073920
4164431963127244288
4308692288345239552
4308692288379374592
4093641005980675072
-6319807251937931264
4109403568029919232
4075678838366785024
-5706191811161529344
4219178397078996480
-5077886723413416960
2994221262593418752
-4931520416343298048
4291852198885322752
4093693986983207936
4075635538754102784
4165751477450403328
4237755708623120384
4111197599429911040
-4932661045905111040
-5113352707951665152
2994784323975857664
3138868545413015040
4291255094997122560
4273837258679185408
4075100007934938112
3588007354851016704
3588710354829601792
2435789674822918144
4073833267464726528
4093132007190914560
4092058815089307136
4093149597497978368
4165752619864051200
4093077263501159936
1841877433203224576
3047680524912125440
2902475164884887040
4291852170938508800
-6057573707239948288
3661171750923561472
-5489931048761792512
4309866014729004544
4219758831399560192
2922741348067927552
-6202677364520753152
-6067183997138348032
-5057621218758073344
-8444371429387779072
3713686062928648704
1967531977774097408
4074502470442820096
4092377780999840768
8740944442811376640
4308165070203218432
4145558895231716352
8920834646866553856
-4986723630895697920
3857823228474862080
4102103936744631808
-5707826802250588160
3317913016785333248
7659665065594718208
4270847100232822272
-4869640335172407296
3589118176939898368
4181796683001062912
4215855016653512192
-5489983823306140672
2507889739554244608
2578240756250199040
-5922470062405750784
686004668416011264
8902803167488985088
4075644706492998144
4577271645745930752
4318842964494740992
4435792012312405504
3426637090936187392
-6157231205211736064
4579907127541720576
3208156579445418496
2892891368383279616
4598096456139360768
-4763385786743226368
4147701248502230016
4305762057529289216
-4978280414196379648
4579346741918269952
4290620717665569280
4579344293380063232
4291288671124941824
4291254573351795200
3442893997514122752
-5795829272995272704
4073991183093950976
3390603929739414016
-5291807879154448384
3391172970176524800
9118027275863554048
4300295827028929024
4182621733203443712
4517031714251828736
4291153533726128640
4453982839707226112
4074975142569274880
4579483922595654144
-4781670209404047360
4147736432467648512
4443936025884453376
3147903978061843968
4435915132243506176
4291254035975065088
3427147298086529536
4363351762322260480
9200111178744025088
9047054684337145856
4218057863217760768
4219794018322242048
4588808820875020800
2994807429237275136
2994643464542447104
4291288632874975744
4075535413562014208
4507502160118788096
4452156018364935680
4381330383739252224
4453422689585146368
3425438171551453696
4435931789974005760
3424875149120729600
3678839803516374528
4300859896055949824
8759419152561295360
2922723893572430336
4596936376752238080
8758851452810031104
3426568948779537408
3219291221841630208
3354364086353089024
4300102356070255616
1850161888403085824
4291139206264286720
4308181568041876992
-320568809056289152
4291112723211164160
3516529680010275840
4226977652012187136
3498638231503860224
4289072023074980352
4577830253227629568
8993646120624480256
8047756438290253824
-6499328339870081024
4219618107602726400
3424346309495563264
3353440642694073856
4218632908273840640
3138228079847173632
3238941762318319104
3352798390397250560
2272497337843280384
4588338361409960960
4453699732390765056
4507144785269834240
4543314243728911360
8684356593316222976
4291253692615842304
4542328951638919680
2930024075422720512
3354364619343995904
4218141525590360064
4435404915180988928
-4715797683977488384
1909554120166414848
3722533364492691968
3137207112613194752
4363627731522357760
9119113437948143616
4291659257681764864
-5868593446818571264
-5148994238571649024
4506996335664769536
4218053500034966016
4586803367491854336
2272516534714974208
4001793306309918208
1913216496417892864
1739858735544036864
4073498473052727808
4516856770222456320
3352894574890017792
4290989603929876992
4287864207235837440
2435876526070638080
4253003875834733056
4579659775677197312
7397126488357020672
4146860062111389184
4039073862940584448
-5932022075883567104
-8822771134862383104
3300392436389841408
4507285453739343360
4588810978618604032
-4637282149401141248
4361485857500620800
4433107794922662400
4290163870165071360
3426568061563329024
3715343022359801344
4291535030161472000
2994076597418162176
4503909025066154496
4507286587337755136
4255264237223898624
3424381801440213504
4300297038209372160
4219477223661989376
3210411625944142336
4146013568579497984
4324502709771398656
4228097538288723968
4291147933378374144
8326505140737695744
4165121970425780736
7677995582185261056
9056080781409148928
4363866061069172736
4218791409746124800
4507285530842975232
4507854004297878016
3138337000415381504
4362044514251509248
478956470409580288
-5077254119910914048
8695075268368488448
3864132745007672320
4219195892317781504
4290551090088716288
4506810663018374656
4255261522872724992
4507426262677940224
4291288671130427392
4290164969759664640
3442964367973787136
4435403893700518912
4291081956063660544
3138895724107074048
4435183920507587072
7676782751284355072
4165698015864646656
4075749722502098432
8558844657224872960
3030246413694099968
4218072251895269888
-6283277809504403456
4255299524824225792
4146408286748617216
4000671770128641536
4309021319248636928
2202037549070536192
3569534604008302080
4579571926479364608
4435478728639989248
4309303138225441792
4254098789776188928
1282730145268329984
4576792249650064384
3713377095484143616
3426422711452133376
1118401649231724544
4289565873429239296
4381354068621138432
3441058860345997312
8757720512124372992
3424175108508899328
3282465621004461568
4589141938119074816
4165223136736791040
4289989237692529664
4290167238086020608
4289885694138137088
4596408097379140096
2921914009112796672
2796691724639864320
2991437177069978112
4381361178669435392
4507980619726936064
4579520146256716288
4146117916928199168
4219756162887404032
9197912619577927680
8776702887408922624
4147177829691515392
4506854617210124288
3011146180780318208
4588530678402212352
9208480553112858624
3425335294563407360
4363205192656054784
3423889979786763264
3279850721162667520
4579555047965416960
3282482079113634304
4145519602180798976
4146861212588251648
8776697677143410688
4435263224394770944
6885881094699960320
4507995527784236032
4291394765614435840
4290691971196747264
3715392036590668288
3030105402792106496
2074213049051150848
4326020928097701376
-4789016355997769728
4435302497571271168
4579471768210783744
4399910567435252736
-6012844291705620480
4435685333781395968
3587678332121606656
4588807652760484864
4363422642840234496
4435677225012496896
4290013232940933120
2057227243721551360
8047825107942840320
-5787626491015372800
4290110114886810112
3147058395243179520
4255212097298179584
4507289701612899840
3857677018789798912
4299979719453665792
4127858362591437312
4289846652488875520
9064933370670575616
3425296773388949504
4398231535864726016
4245655047297780736
4289986914052418048
-1401580460426683904
1058091331854887680
3569557693514082816
4597217525210893824
4093499719133913600
2300281471080294912
4144926213961382912
4363878110565858816
4291011594363821056
3102303254254550528
4290129785468955136
4363873982968457728
7973539898620110848
3138336913143260672
4577321089175609856
4435509403994237440
-5004984319543646208
4156708587202824704
4363733266900412928
4579470629557920256
8063269713601839104
4074941197995632640
4072811861997996544
4074540552641990144
4093518474723424768
4218140429841295360
4579519597168428032
7919543978601997312
4379073640967398912
8960524307033892864
2993090962884086272
4072408298458672640
4507461435487634944
2994076726702836224
8975138995800066048
4434949253830223872
7620157638902484992
3282307042087488000
3012090970460614144
3243062698212281856
8972639739835279360
4290127580123740672
4075222257758200320
4110023179673233920
4093237581925770752
2940720019018049024
2912599433769281024
3036457271037781504
2886677373377734144
3299917812707059200
3101723690395985408
894960427302610560
2903583465908102656
2921685814990497280
2939700230706062848
4147722654300597248
3066821390685595136
2919398813458195968
4072250104048739840
4093659317371627008
4236631016341991424
4217370104774486016
922967333648428672
-5422116298403192832
2648611345151501312
3732843399119103488
8908594336136847360
7750424235356944384
4111128554012616192
7753159803924545536
3081354730725860864
3137190087251933696
3409129029672985088
4291904345570206208
2003430407367839232
2794919969322845696
3696796340249116160
3146760253645220352
3696832160475858432
2976220364510930432
2558915835267081728
-1815622900291601408
2496429464258866176
4453963583233159168
2652564476404051968
4452856368011111424
-5129712931798876160
3192797907416218624
3517097446824037376
4234194380190346240
4164467735523315712
3084870394029243904
4075503419314831360
-4895420154091933696
4435966898041483776
3929839753526469120
3135799763923331584
4363733363977563136
2850136996627310592
4291675828073228800
4165158194343453184
4215822589033408512
4308427900927281664
4217689144541264896
4218632942294231552
4435403824540375552
2778299592967186432
4309254656500394496
3571232421756094976
-4861327524869216256
4038805688154309632
2904044264799427072
3568413647638571520
4218069683538455040
4604275693908879872
4290119339973245440
4290726066452113920
4147174616925952512
4291254001982719488
4291659231690974720
3155774531485384192
4570187111959571968
275717444751630912
3426566730982826496
3316206568632108544
4433081759377075712
4559076956626708480
4291259039555741184
4597502625114973696
4037966105130917376
4291693325901180416
-4923210246792005632
2994058429740056064
4579325494413452800
3012283929951895040
3073832087714888192
7686373513236740096
4578218311500392960
4055976139782319616
4165175237582876160
4164061981187383808
4039078433343629824
4039509812879781376
3804899980363194880
-5637352390921934848
1499056863238579712
4165170255018355200
3453729676053655040
4507286489027148288
4516275374507829760
1568687010346216960
3705804742424160256
4111497594305735168
-4914227331685257216
4146979999173736960
3568408150219907584
9190731369270032384
3586987147346273792
3309791440563056128
-5058184187237996544
3235343577100035584
2993653809360816640
4083983995084352000
4073814170463071232
4091864281623520256
3138331950040182272
2489690485675981312
4228802112943417856
4066675571221744128
3003207623268849664
472206500138807040
2993777335534300672
3291594832323275264
905110547989605120
-6300649007841839104
1282889201045088768
3964698494855481856
4381893424704864256
4173038352039636480
4252990550663652864
3426439747590907392
4597498297889223168
4291096247938724352
4165030604190410240
3426420585992376832
4120099070308452864
4147720077706487296
4309286576525361664
4146004702194372096
3427126445814673408
4507845173811552768
4255066871430539776
4507427327816463872
2921452145606359552
4074941057541169664
4371215532099062272
3822896685113372160
4064970763945306624
4047079497850243072
3174224024122631680
4579941465603926528
-5652993592270837760
2201851222534601728
1984319757715194880
4075081790966683136
4110987421878272512
3066594473370143232
3426566773257209344
4579325533466219008
3147340280867420160
3426356270836572160
4290132500428581376
3138178071893582848
2724036529082558976
3355091137607733760
1525762527735489536
4218673478110768640
2705976514035805184
3732795029910416896
4145449439695684096
4432695831189456384
4432731532736005632
4444271559500317184
-4625978780976582656
4217622560569367040
3153660342704432640
4217480710096907264
-4917545589463564288
2865872631794968064
3427160621477651968
2994234343307830784
4092674127715855872
3297849459952051712
4586244203773912064
3391176428495078400
3569415513063533056
3135645329948616704
-4643904602232358912
4255212027733304832
2940038358881094144
38717444250027896
2850107707403697664
4435233400007484416
3534720320191947776
4580052370111030784
4435373029558004736
4507971792096688640
4309290423339659264
4579893688907805184
4514242665543837184
-6952683327236184064
4309303618909399552
-5778793431460026368
-5778723070774163456
994619161183511808
3444583012764115968
-8228751619460447232
4597533516726004224
3372238282986856448
4390337694679835136
4489979839102985728
-5768245970799811584
-4633338710100383744
-8087036802903439360
-5853244808106711040
3372519155929934336
3381526407491838464
3444648966080676864
-8084636448459398144
4453423413622923776
3442395937788913152
-5844095616759110656
4453823461707950592
-5800333018884323328
-5773302615935916032
-5773314710798701568
-5782275601949302784
-4620355668343886848
-5782310760434144256
3444999590202795520
3381532592211222528
3445137166674634240
3372452686976238592
3372527454305903104
3301029537758279168
8056902332673647616
3298212700536381952
3442964505844745216
3301100043912028672
4460708778172948992
-5780060068285816832
-5779507289150493696
-5795831480960717824
-5775003431977653248
3444612493189007872
3381385695542601216
3444441021212516864
3444471960011269632
2868116760753070080
3370832144745620480
2579886248472830976
3373016744966185984
4597345081008219648
3273863895112180736
3219960337560757248
3390375987087894016
3883577323804943360
4309690099445492224
4597354295759883264
-4626017603320394752
-5780620952666161152
7984840331265262592
3298250092051849728
4597498948145866240
4525446785965105664
3300361169950638592
4526039411190016512
-4697930198729416704
4523193875328082944
3454006780162925056
3300532006301155840
-5922909864305737728
4453383668297564160
-4770146691592085504
-5814981785739419648
-4697930628289093632
3444511106186854400
3369990889872500224
4606510460146221568
-7499310457151094784
3453588949264957440
3444436296480038912
3442403771895235584
1136482551262036992
4579484474540508672
-5841839564936189952
3210812546313840128
3370273610020645376
-8084633270187769856
4417917744056839680
3442889623156794368
1138593218513256448
3445250398907523072
4451171064355185152
4597375187080699904
3442175468109983744
-5781477347164264448
-5781327410124930048
-5782287274883526656
3444612009900074496
3444613652859314176
4595248181501173760
3451338266214089728
3445072132265468928
3228266177449387520
-5923337557115436032
9206833028316700672
4588456495832089088
4604114203113373696
-8088164378352918528
-5773306464445177856
-5786781391936133120
-5790192764066568192
4597498295376833024
3426562961310179328
1568832668521881600
3444423563482982400
3444559905607083520
-1168863340927671296
-5925297866088685568
9072251855553586176
-5772179860220387328
-5773305777290328064
4451558468488750592
2145293264056960512
3381109159774109696
3370203112697947136
3444612481809865216
3444437722373490176
3120318339153817088
-5772716422155834368
-5772176586962475008
-5771482795062403072
3453661680341444096
2796063564197422080
-6357083761755592704
3444454366955140608
-5778789187265855488
3354576964582629888
-6934002469510332416
2291621916309970944
994201477728149760
3379206042484727808
2796064654917856768
-5841839418840505344
-5778718870061490176
7982452192810887168
3445144717223241216
-5781748935988648960
4535010887289218048
4453384793511881728
3300467661448064000
4165152897277321216
3445075455760630784
3372384543832515584
3442326660356440576
3442889625073755648
4606383064370045952
4316463595763723776
4316428447894694400
4604676416237710848
8056263393241375744
8056123476964271104
3300321449853773312
3298849332870472704
3235234736148816896
3451790171398685696
4595254778843784704
3354509774680359424
3427125920637847552
3444652273475993600
-5772073765745215488
-5843674118001074176
4604114067545006080
4424673226847102464
2400340397640611328
2733466032745707008
-6489906004142623744
-6499511199747049472
3451323980645261312
3381526965611110912
-5994967458578456576
3373013455858025472
3370690186884621824
3300044371044844544
3442259589872403456
3228404569686106624
3337058333975855104
3444573108603184128
3444608155569431552
3435609339822596608
4577128211156525568
3363518622397308928
3372806729659573248
4526004228965526528
3372096995810305024
4562019735208160768
3382161391831442432
-4715663681375494144
3300463269913268224
3298773336945285632
3228263846689350144
-5778801118680726528
3444992013677020160
-5778230609723289600
-4643992009246031872
4597534057384078336
3372519774568802304
3372417526165284352
-5773303990793656320
-5786814523456993280
-8137697926988290048
3442187030933974016
4575959981646309376
3442188271642724352
-5800298933791597568
-5782285488980867072
3441060022625650688
2723861779886597632
418150851887433280
3454187106512366592
1146087902353499136
-5853068877488496640
-8077319318873365504
3310035637400707072
3309311058537570304
3282874400957146112
3265031594983255552
3444577374885323264
4606511012221331456
4570318885448281600
-6348500089762799616
3372594541156098048
3228474964133273600
3300452980542824960
-5778935671923957760
3084891312145981952
3379845279712239616
3370254778300328448
4237193317078951424
4595343828611179008
2865864894004552192
4378792945695310848
4388081490909970944
2868151733805297152
1009669827361376256
-5907848754919241728
-8209189813756221440
-6354798090550890496
4597393257555812352
4579502072933868032
-4697526136850931712
3444576810095322624
3373082441691948032
3451966095972886016
3442325506314724864
3370760555734754816
3444508079782593536
4607086517669030400
3273460328681645568
3300466568447862272
3236292492068905984
3236283833486074368
7993854008131838976
3300396354320663552
3298790929101972992
3372524842936387072
-5850775304424406016
3372523073476961280
4453384785286869504
4451555335343661568
3408638738625176064
2831964681032376320
3010545134554522112
3424276518302888448
4508029352744731136
3354928696999247872
1075551070335730944
4453401352321836544
3444577360486285824
-5781046476182167552
3300305508814244352
3840770378148504576
4561364529323599872
3552681426679983616
-4772204961047812096
-4625309107398164480
4525445814996649472
-4628124980295022592
4453278140682694144
3445040245887190528
3282307173990253056
4597393395091435008
-4629388722579822592
3372379026984764928
3372519765681030656
-4679933945110700032
2289012640533676032
3370298215959330816
-8159088074750197760
2226107385580602368
3391078987333001216
8056123758249132032
4597498880192561152
4525441288306672128
3426567506121680384
3012636362217317888
4597923293627367936
3300347960510083072
-5923019678835050496
3372943221874714112
2724001503120941568
-5778900075331229696
-4195352646344281088
7910394624509142016
6765845877331817472
3273304226748916736
2687867077924480512
2733014125342352896
2724551192467697152
3300326944732081664
-5778227311553287168
2866433203938746368
-5202469696499701760
2794377998405935616
-4769992053439971328
4165018077448529920
4318139915207896064
2875510832335675392
560027442340127360
2732873393759478784
-5778689108316307456
-5778684596488552448
3444689508424179712
3444616882678918656
-5778754956741621760
2721756372114286080
3309878526997914624
-5853117126819716096
8056728617958679552
-4617003396830722048
3451230511121785344
-5850847881421430784
4606403824165727744
4588356434401886720
3363552088849603072
3370271832243856384
4379073748345710592
-4699479282288268288
4577655557172652032
4595107005991383040
-5782313664001457152
-5782463197046213632
3408587612638896640
3408658531441075200
-5814783876301364224
3444686770635531264
3451759387757490688
-5771613748671844352
4598098116232036352
4597538602250273280
-4625833434604503040
-5778859392801225728
3300468786525839360
4561474617858008576
3444581775341453312
3445173433363743744
3228408014480860160
-6357506129110097920
-5778794661470396416
4273837874839250432
4562033034473661440
3120430414144169472
-5779366826009467904
-5781722547384587264
-5796210803746594816
3352851710374011392
3444648983145203200
-5850810336862396416
3444603763126845440
2868117722358017024
4597500119087474176
2201443134332862464
-6357514779170224128
3444610498174522880
3409102869666735616
-5797521421340589056
3444576413617993216
3444431278045303808
-5844236517363948544
3372523621353481728
3372521012125123584
-6427311777033075712
3444584111772495360
-5773129838243715072
-5772039147952314368
-5782311868456080384
2868118959811930112
-5769920366186635264
3453690120977702912
-5778759483808817152
3453478603032354816
3445144860827624448
-6427453745534966784
3318477824379544064
-4619257969047609344
-5779217301817112576
-4618694884083211264
4388157348861075968
-4661897418896168960
4598053156529062400
4453426573141739008
-8084215456071163904
1138725572497793280
3433353562806510080
3228256140175787008
4597358673233658880
4595107444113695744
-5778795209611459584
3444647745741505536
4165153249229431296
3444559234952554496
3442331062598279168
3444581770985907200
1138593766123454720
4570333247835368448
4607072879134599680
3442256291507430400
-4769530947833494528
2832690357934908928
3309368231263151616
-5782273540115477504
-5781721559558363136
4593982618456186880
-4619115565097262080
4595106473405016064
3442329011548775936
4523193473916430848
3300325843873648640
4018777653652972032
3370131781610516992
3445000826679386112
3454011668099916800
-5850817636161331200
3309504501712645632
3298634792809497600
3451398855347134464
3426597587871326720
1138593334510993536
-5850429910163454976
-5923059260685107200
3445017106505149952
2865900130043904000
4381079807138701312
3444603903184881152
4525282408070801408
3372379157612160000
4606541254797795840
-5769927098044565504
4606511569761872384
-5202477943390824448
-5346452410606385152
4021033181500289024
4020892991418804736
4021069465316994560
4381327169208934400
-6357511472445709312
3876919075955713024
4597353196835350528
4597353196349173248
4298607563301678592
3307221978119039488
5748173105539762176
8056198636440626176
2289404603540120064
2291691055183536384
3298147706943775744
3442184288091759104
2724005823958696960
3156949430169988608
3409116065381623296
-5770321849040345088
3442823630111106048
-4641783105380268032
-4647402582927054848
-4626575630704104448
-5790201019016781824
-5782321919060711424
-5764868262455743488
-4627139680840293376
-5780068882010706944
3424177562780575744
3444686778970653184
3373087113779593728
3444230060471976960
3409153312160210944
3265035924544865792
-4772662356911946752
3372239407995676160
-5238507842354139136
4020897512878702592
-6519073721332307968
4597357525927685120
4381185495181780992
3372519331922667520
2865722008730543104
-6357509290636138496
-5814225322548709376
3379281917750210048
3453584577076357632
3235023638472630272
-4626012795339333632
994482838657179776
-5868795209706905600
4309868837159200256
-5924665631903898624
-8229887432086626304
4309831375851499008
2868683959844449280
2868121016132117504
562339724424315904
2793734792760763904
2805700786328691712
3282887732369780224
3444585202731671552
3444669321796854272
4453379983416936448
994517612822511872
4571145924367508992
3336548298741196288
3444559922755732992
3444684159311086080
3451244257730879488
3237275575528190976
1136378249923224320
4597525405978002432
4562107937428038656
3409186434733598208
3372595349419443200
8056798703501427712
3381453435762615296
3453626495973646336
2156407146649438208
1712802559731123200
4309836334525476864
-4625873086097170432
4579484002630984192
3424734050421006336
-5779497823058827264
-5851837005882304512
3433885717374634496
4379078698560038912
4378941257328798720
3225942772010173440
3372941420437931008
4595247013374803968
4381186460202997760
-5868264120013920256
-5789041979393939456
-5780069697906580480
3442035830134105088
-5781185564769316864
3444718098096570368
4595282195197157888
3442256282982449152
3228480590808851456
1136482568542348544
-4680021974827270144
4561452490262257664
-4662025177029009408
3444436628706640384
4165698707375221248
4435949182345439744
-5779780371777968128
3426668652699959808
3444582935224869376
7982590748457911296
3948987811744933376
3373083418230481920
3300499153861436928
-5781052385918558208
3120357717796406784
-5781185986012233728
-5845362959254657024
3451972813280764416
8054433929138512896
7910305540514214912
3378854044212110336
4507743479587629568
4381188658928484864
2874736905208160256
2724005955422872576
4453370500229876224
-6931677133980372992
-5922904220756417536
-8086813464675751936
7984278489650422784
1859878884760512000
-7075373955398801408
1138773400415036928
1067274908308332544
-5994966221430822912
994479525354479872
4487730375734469632
2147579714794383872
-8228747238595672064
4580082754827742720
4580047433889181696
3363374441201289216
3371534206338758656
3443028835252459520
4594544053636252672
3441059599068124160
-3600904567546574848
-8083090381064493056
-8079175294564030464
-5779918360672067584
4165170903152020992
1138610632093036032
-8516533540322334720
3678781564250162688
-7795773850877539328
2506033757516097024
4219618057773344768
-5166546571145828352
4237229085467035136
4093082961143809536
4164964770461789696
4129111762189895168
3020953689733358080
4452740136343912448
4308272789023239680
3714813764225494528
4570395518376944128
8763171781439587328
4596958400941870592
-5922347997204180992
4597485616834700288
4165424276397450752
3264927787712326656
3012095919969007104
4311540713379610112
7605889188627941376
-5780891434158446592
4426821307336174592
3307620038041083904
4011993609165011968
4453788485508475392
3137090048938567168
-4878299137065193472
4075065985891464192
4054798249396497920
4336876106249620992
3281339377298925056
1138188904926799488
3011651706668869120
3306655632992462336
3002662653650757120
3009470857732083200
3054190149543323136
3008890291605693952
3162556684153636352
694655814297642624
2937413244357092864
2928440961053582848
3002680284556259328
3083815408060876288
3093174594864244224
3300902027818135040
2992969535573157376
4426802989019384320
3301059668702883328
3298807904792176128
4345850251490569728
847127509477928448
94445636887455456
974815255326780928
3363974859521877504
310092991620802816
2976104678283224576
4272684035818683392
3298250450702312960
2722423120358483968
2658774396095129600
2724567872405227008
7298325786512566272
3010020658344584704
2705882513538901504
3012109696483096064
4146029935093567488
2650712546358734336
-4913544987178078208
4217369728092956160
3516073694207830016
4273786743339032576
3587427459266553856
-5997941144319657984
-6891902803123790848
3670412179848521728
4489822500891807232
4381748743568319488
1066554653176459904
-5742888439156348928
-5148443445304545280
4219619336575743488
4173663529677975040
4453383072807046656
4165733752544390656
3570695099369250816
4291823715256970752
4236492992597619712
994856305653352064
4433100926525786112
2868117687899678208
2965930208570312192
2435823727802797568
4056842005758821888
3156896097883275776
4255243995048005120
84470728560649088
3282208945169974272
4129178291064228352
8041673714013724672
3551573486208178688
3552645520984067584
-5726663621918834688
2399725661618137600
3876924034191353344
3659535638864489472
3876910737074388480
3766845915132752896
-5130716225374619648
218954075481537664
3586287823791549952
3588678714238856704
3515509515621721600
3517214860169936384
4379479360100466176
3948966681676316160
3588713936727726592
-5602010818573551616
3839751165392809472
4091460391285251072
-5634626252944742400
3153941709535464960
3802613991733422592
3551573634859616768
-5744888415913541632
-4988570810266454016
73333349447330304
4416215693241038336
2866972542410051072
-5582447826184214528
3523657032550284800
3730609720321600000
3517185158357871104
3480593424584388608
-5634706512457603072
2579869171716416000
3514229679724913664
4091398242576068608
3586144375977503232
4309127108717922816
3517040065943916032
3514084546337794560
4054797738865805824
3586287314837658112
3586563255481887232
3877504097979689472
2434645602838466048
3766989950620762112
3552721934693657088
-6501775307028668416
8883101568353800192
3153515648846482944
3585210304270913536
3803162781247557120
2578743746608844288
-6193104488204383232
3803021906588106240
2615988627174835712
4091265476610973184
-9183815513619595264
1747864112705195520
-6312893503162390528
3660646150068206080
-6277005904814925824
3587550062934446080
4361491938942477824
3156896791256067584
3721573938298777088
4543335721307957248
4433696867647569408
3165341027672485888
4217367121159988736
4402039726646177792
3291299467489650176
3857244911437299712
2922256566671605760
4444260975367300608
3427150047008273920
-6808377356632457216
4417380110024584704
3282854539050822656
4153754089670788608
4273275515877871104
4434085505507159552
7422175991740830720
5693848716237426688
4459562288492670464
3516638160553723392
3525644878165796864
4102105634767201280
-6283192980749922304
3499292814364593152
4165226394667140608
4597645007160501760
4236194308122167296
4390726271506984448
4075121341437660672
-5634953326258533376
4090896079392294400
4102440083867520512
-5140127903439695872
4093377774012018176
4165224128669249024
-5699629376096350208
3804942753114312704
4020808775800663552
2363713379357904896
-4985614770802044928
4201745503687700480
4066618830538362368
2940808016689581568
3083269504980749824
-5059128094078063616
4372601397517946368
4236651223390309888
3417309932383848448
4165489147444161536
4092819219688990208
-4769953646531751936
-5130452890461714432
4074904747883580928
3526212164160081408
4381893445244374528
4379343123725116928
4093148992041872896
-4949863607448424448
4093732368859622912
3019392414427590144
4093663513617567232
4092322109972754432
4309835749737844224
4164097676929347072
-5131328101719977984
3589312035355577856
4091148379528523264
4090286533576707584
3300455825568908800
2650233510272787968
4217015521931380224
4100959664813190656
3523952729672598528
4146125594249479680
4092533213253029376
3297366406860795392
4129160213584891904
4090826771944916480
4075662311493685248
4471594314430376448
1858184839873121792
3370901742617454080
4091128033902552576
4165173691238804992
4145910316261664256
4110652069925834752
4146645820821170176
4146223465548443648
-5150119824878245888
4452820067488845312
4093661105630373376
4092182444011646976
4128846303010973184
-6283192909078116352
4237778725685782528
4165224693661911040
-5077708084270897152
3588627584800212992
2939595216382545408
3587285802661260800
4091917555724666880
706094883372615424
3012219359375804416
4453665420031182336
4452187401693381632
4066149331963956736
4055659992108713984
4057004205471436288
4345217031581551616
-5133267648344797184
4305469712003059200
4560276472755873792
4092112676059564032
4127858306417247744
4127647230220127744
4127927579982652928
3012906414560988672
4127934808362141184
4091617931159757824
-5166345851611445248
4291925238497086976
4075101591200810496
4449920161438722048
3011739663206925824
-5133883366828472320
-4978842266989420544
3082674149100307968
4165193894514348032
4228274581166967296
4092744294658952704
4165117452686134272
4163166510499974656
-8011928656367767552
4090848513001604608
4164924028435776512
3480711051114139136
4197664383677451776
4234994727652902400
3569552711588529664
3598122410754657792
4054727674372115968
4101963175407472640
3561960065718308352
4091056078973259264
2946844492904549888
4075555684440559104
4045738000756723200
2947833649621650944
4246202095711380992
-5742514544809015296
4111638467654807552
4125806772913262080
-5057724495005136896
4089564180106202624
-5183891290023718912
-5636297387670163456
4089418297045700096
-4908415729664651264
3080893455621572096
-5634608624316248064
4055225790141647872
-5067981800934649856
4057425876095550976
4054729315196421632
4233821763356028416
4127031628329714176
4308495095694820864
4127786859132947968
4164662405200432640
4236086576891127808
4146082900131006976
3012655135783735296
4164738829710217216
3588484261673518592
-5148869558112260096
3011531314641194496
4146066235554358784
4165153835090576896
4234940928653348352
4092516806914035200
4161528667675510272
4056066836643802624
3877011381478180352
3587602324667590144
1075666411098689280
4236932144904304128
4073456797307207168
4233534791027680768
4165189071137107456
2940579279558493696
4091389859033998848
1354765987251122176
-7219524781431633920
1282892396713244928
4594684026775888896
2292259464308353280
1571508701580519680
6326182908530817024
1283417963271047936
3657917712084199424
1353630615322380544
-4914174454287677440
4235613765551735296
183374748701584864
3001941570670261248
1859841406573104640
-5507945994988587008
1517041578856313344
4334331778597094912
4606497293584196096
3236150617623883264
3588166508698151424
3228246194377617408
3228317630689667072
3516053774738859008
4569747087768793600
2686881268978829312
219894488703731456
1859063358110844416
1859276256082775552
3172801134955799040
5605184828034476032
2542767765066876416
237171132618445920
6992856498378524672
5585670365745971200
4327845882573333504
1486488871795799552
-6012892848066925568
4074924114239251968
4072248422193393664
4218632965854227968
4098602625110865408
1751094895405458944
2488188136080310272
4587945671616061952
8758122308493863936
4506304208207311872
4165154444771225088
4092603584345964544
2975216128870936576
3084830845420660224
2940176995331238912
-4913522557717168128
-519417239357486464
-5131379200675921920
-1707241641328114176
-6283743287381458944
4145906845138698752
-5050882883256696832
-6310695068615096320
4161793645665986048
-1672092421390728704
-1493597128211937792
-6210841696039385088
3481261377688308224
-6068133973032810496
4252428588183413248
-4986707138288861184
4129705507061646848
3407738718700061696
-6780265110135478272
4200636127417681408
4137024509828023808
-6237581384901064704
-5096200904094826496
-6240678157420658688
-5076214531581579264
-6284904296808560640
2937658422749234688
-4942795873690972160
3154676188138833408
3012600627905119744
1894759007490819584
3012208239705419264
-7367287110760222720
4074503555061284352
8902377645904066560
4173035610976710144
1642015953239830016
2128680916421658112
8836553747734884352
2029943517729810944
7867134113126502400
8000343800006576128
3371977962464271360
8002121372701450240
8674397356743030784
8703670720095545344
3424863028265501184
4216370658493490688
4216645532546179584
4146858434381701632
4289935133085158912
3732791155682066944
3498972313740077568
4291341482178595328
3244244984700183040
4577363428463027712
-4987300573801955328
4579521787019273216
3337039880923871232
4587366901222359552
4577251853803612160
4290973798618318336
4273311142864373248
3011125045195170816
4182327566394680832
3877485820140486144
2507688383290947072
-6575086429736663040
858948672475522816
4488357405959092224
2732858460090562048
3732808369442353152
3146249543904093696
3715417396107037696
4451136461443919360
8992343058232532992
3190633128827244544
8975319079811708928
4525987085365216768
4199493434021709312
-5313495201189515264
3568695094199942656
4308991872881615360
2002091133512153088
903705397049508992
8155186321228457984
3102216271565313024
4154866155463722496
3741529536830334976
2705886978358093312
4227499910962824704
3226707938955650048
2940808546597684736
3012830943496069632
2922811755290911232
2940738162934445568
4183713513885623808
-5149926338789677056
2904762114501731840
4362731596830172672
615842843290984960
-5862528184940004352
-6319700620768221184
-6283196793803610112
-6159822799636043776
-6294051627751739392
7829253719536660480
2992423073761159680
8698484866669836288
3589273036364784128
2705406141720043520
3263292011358594560
958047127307691520
4452838199513804288
4452837955673399296
4021019882033799680
2868579478319361536
-1896094041605181952
-2050395261633354240
-4197024673454553600
3351729564562976256
3715426602506084864
-6274770194772826112
-6195886828004612096
3011652245453956608
3011536569168977920
4074395289980198912
4093642071400541696
-6340037153266112512
4072284053298177536
2939632041454691840
2940808561612908032
4165549760308209152
-6058486310073575424
-3966553829499768320
-1681064429825073152
-528266620284738944
-3966553724035116544
-2814212869124894208
-2458428506884050432
4018705443025940480
-2384149822451322368
4021537786855911424
-3681203005228945408
2868053678311044096
-362002319816302464
4020974838783112704
-1383280946771233280
7632926128048928768
-1301636710916206080
-1158471500819631616
3235141768730857472
-221476487856696576
9199636109731512320
-4689961561989101568
-6275440289096503296
-5915011579138387968
-798886118560229632
-330582684500404992
-293410386697824512
3227260482003620352
7053103517610434560
7848516611114496000
8703637628947492864
-301872258284587392
2434626913824829952
7768050572835581952
-3904752342402960896
-1664070972834877440
-1665900525554339328
-555903978518130048
-1663226470326968320
-5625655307509018624
-1947340199847890176
-1878695599357603328
7631640180280750080
-449928665086864768
3019954123063910912
-2104931118330718720
-3896237320357846528
-1395191967105457664
-7508244334749064192
-6274102183441833984
-1374440332112797184
1643073951811985408
-3395423509479730688
-3982545126261825536
-1662521209182465536
-5050495309672583168
-5124102111365996544
-6205458579454205952
-5953468100044959744
-475959561872535424
-8880666570323167232
3011088801744442368
2939065356790223360
-1662522811203563008
-1668152316911726080
-1879258581522812416
-6238883176270569472
-1983404221973958656
-1375559078889967104
-5084695063964326912
-1014092466290073088
-1951984509047803904
-2163653829173546496
-294519246461767040
-1879786278787330048
-6202080903020978176
-1591555970484243968
-2168012322521845248
3021661115134997504
7595752117259358208
-446550918123198848
-2256874822653554176
-6643504005385064448
418137225396514432
3875783806877265408
-6275299557980286976
-1305575172238257664
-4908404285623667712
-6132855629691787264
-1590918220113817088
-1447475967513110528
8928818673622667264
-2167066745278078464
-3971286163758890496
-5123538061780369408
-1666006100279606784
2940773343398412800
2940226372550939136
3164808165773173248
-1302199626443890176
7920046456783466496
7632414749714247680
-5634662538975479808
-6201512941042634752
-6211154038782472192
-1590430071246852096
7558597387583976448
-6210577931291643904
-4842028965367164928
-1590464680161545728
6984388466905346048
7129066673922004992
4174247825098892800
-510058737790926080
-9166641163359591424
-6139099781996066816
-6067019817458511872
849242845656346112
8054979908774016000
-3699733180053233152
-1392905008421126144
-6283198474951888896
-5149996127508609024
3938653443224457216
4524367504791265792
4309326704974980608
4235505487439881728
4156708954068900864
-4645171076617248768
4145961219507251712
3081527332968752640
-5844676374114965504
4082399006219780096
4225370500411844608
-5650028581285633024
4072129675096450560
7405850700804346880
-745578946708646784
4091391954806860800
2360336241601692672
4075539303568927232
4165704226422476288
4163463812436357120
4082382526779713024
3009401001769921536
3544078184195245056
4298417865665963520
3570413628692062720
4363294175671248384
2651944461359792128
4525883256343063040
3063200125379370496
778527005727059456
3433353204106134528
3289788118000404480
3308929422905994752
3354346432024503296
3424350750618289152
3283045295683151360
974898328556160000
-6319735787557271552
-4760660631881879552
615807604099344000
4093650860546417664
3227930589542958592
4055231175603741184
4171424828418057216
914216760469512448
4291798809973776896
3588727646335263232
-6060814001885267968
8830296414561722368
-1399735694473140224
-1829829491091939328
1913780559903155712
2922592913955709440
-1384465674967258624
-5797496351942359040
4506741231924503040
-1400783561258539008
-6207328311514076160
-5923602634501378048
2876915659660292608
-6011421762016108544
4290146226608237056
4507497704379073024
-1329929936818780672
-1669951880413152768
-5707419973904864256
-5148964824043075584
4524887022081042944
4380089037209101312
4072320380469472768
4452691116395206656
3515544126481720832
3589310935172801024
4164608397895233024
3857783630753713152
3227893768655096320
4092973602351507968
-6788743299950286848
3857799607830931968
-5365068153486901248
2417071595578656256
3443460198258401280
-5781591920364787712
993476677770364416
3087544955820532224
2886747726682482176
2992617515484145152
2885542655777531392
4254751315320858112
3030897562527949312
1120201993941632640
2957714048986334720
4092621178945136128
597784465381680768
3119773823060403712
-4986316414075853824
-5706585582075961344
4093693786699491840
5511055540738099200
8018058500274205696
6146382263142392832
5174036297668822016
8063658546078090240
8063694827755611136
7333223284601242624
5605948658407539712
7912283140705846272
8018201301224883200
7486917420440167424
-1888675539565640192
7334846168307368960
7918980281290662912
4091422844284545536
3667769885840597504
630955148326872832
4146089312976595456
2038335984670042624
7603673509234159616
4146031588685335552
-6571138362968201216
4152839795116280832
1137644092380112640
2808702764086028288
3028912961526919168
1426939349842488832
-4617636565370116096
2865288025703927296
1220367022222175744
3282311395070272512
3480610467270322688
3587553950353944064
4128039197588481536
4444217576257908224
4380041247208074752
2954811980281423360
3143961541713544192
1441320530534427136
3081458048654591488
2937439600154207744
3597770092301150208
1722637151754671616
1705606711542968832
4228767236211237888
-5915021987722790912
4165152795473700352
4093112694811617280
-5850974406894262272
4525283965093234176
4165171899856480256
4161652929800338944
3153003860746706432
3588733228517058048
4093518966765874176
2434685217670197248
2937940211019185664
3073029778738214400
4452231300185288192
4092509580530375680
3589271938917683712
-6211691210408316928
3011691289226447360
-6229846344288524288
3069521763024926208
-6876112890278010880
3012231707574562816
4163473149729399296
3012812241129644544
4163992299907076096
1425896566274934272
1578950118099809536
706929344453348608
3594185620177508352
-5130839299979061248
-6282634977556084736
4057646809046278656
4089790481862446080
-6211666995212236800
-6282529385756923904
4090281963597022720
2885586105704343040
4075539192200257024
-519866813187814912
-5058799263903823872
-4699488759444060160
4381026510521196544
2894620253950264832
7909878810952690688
4506847194301292544
4362767363453445632
4506706453591451136
3353961010410513920
2921333457676363264
2895790134211536384
2488687681780343296
2580448579990352896
4147579857324221952
-6229663812323940352
3012285596666324480
4577782368432236032
3210936574011467264
-4049112120500188160
8857269090998173696
2875997818813050368
8737982627328456704
-113786304985072512
-1302743272779778048
4309245856275843584
3875235081287005696
-518024151991620352
3569538417533732352
2794628327073622016
2659304963593923072
6406168466271528960
-1599964505355688960
-3905789733165702144
-6058528115040558080
-3752649805389996032
-4473823875900481536
-1590957127889294336
-3905878392267316736
-3896870542083726336
2562435279147180544
4163904203450049024
620700452667220992
4218650259656024576
2516114505716164096
4452556612499546112
3318002599294363136
4165733788668944384
3588675041828167680
3480606616534935040
2363780461913859584
3732250259786001920
3299371918353916416
3012800150661918208
-5655083602828181504
4075679927441516032
4144869971261276672
3496356059746165248
3082586729470845440
2886747873134495232
4309269534530029568
2975658654547799552
-4634306482481608704
1228777352404803072
3011722668015182336
-4663081148188760064
-6300665836797204480
4433716106307726336
4090878431476538368
2793811334953068032
2937956982602288640
3561706596241654272
4112649694044833280
-5061015977988758528
2937376962369907712
-5133073600080286720
-8591838118076520448
-5061016525796840448
-449329953117346624
-4772781188757230592
-5709534322181248000
-6322023867210110976
-5133069171823219712
-5058799899384518656
8764912274104608768
8080910351001145344
7862502296045164544
4406553597143641600
4444834505361414144
2325890603654799872
4045138668337697792
7576523999013206016
3865558451385487360
8477243645315472384
4080605848721122816
2650273050711717376
4371790475345487360
7946346751331625984
7405476460523584512
-3967781099141977088
1003344024291030272
-1382719303309562880
-8239528738666615808
4192492012444805632
4235504901216953344
4199493700511230976
3585772702356172288
2946912539205003776
3017196016906234880
6973692587352616960
-6313061166159792128
-5070129456041212928
2939663089588925952
6949487558394070016
4524298029647741440
-6566730380367746048
2372139206403651072
2937358848277704704
8027997876617626624
4415104108096613888
4165710106098363904
3084835762199553536
3048806407606265344
3065764179820635648
3056749856532095488
2910391802199678976
3224921088696183296
3731669683488843264
2921571635054732800
4289582185908236288
4291798950087976960
4577777970384562176
4291801137803248128
4580031385139766784
4144922250306404864
4147143761874600960
4144945305557091840
4147122316639299072
4037347067230905856
4093642075646420480
-1391689471497117184
3281938609305019904
2506759853941612032
2650817864040850432
2903559276989670912
-6319814928889583616
2885553704215995904
4102647627426979840
2893432798573979136
3299916889155314176
633786832212420224
4226532924820186624
3012232841450578432
-6318961751110752256
-6276951576166537216
2940790413243934208
2434966241373807104
3859207536761319424
2443907467817076736
3733071113931549696
4165752574678810624
2921596344104083968
4164063587973022208
4309373519921636352
3156388110101867520
-464849105904529408
3011703928906803712
2436087721779873792
3588239587757545984
2363150538101058048
2344577585317243392
3081228387846810112
3516076440421165568
-5565454749820753920
4037386241390831104
3694544084827326464
5828899856317474816
7125866463732908032
3588727092279600128
3587144474044230656
2922727749987033600
3729522856768784896
4164000915342779904
-257610818190613568
3425471747387188224
4370647181744235008
4084513790575995904
2433043592859050496
3588305004305801216
3300480393041626112
3444615183390418944
4110079344530899456
2362908649651530240
2490381608254007808
2489814346141035008
2578619634734164480
3567058597704583680
3641460349328311808
4164608419205180416
4083278791619594752
4066725044178551808
2920454351878784000
2137728149769636864
4091837222693856768
3713650332714558976
3875655820681815552
4577783979283269120
4021513726127268864
-167462431396501760
-6321961218553190400
4236086005656143360
56182597308411512
4162337903833211392
1785546703523507712
2372988317545821184
2938556762250372608
3398961822535206400
3047681049050112512
1281733482839756288
2919363678545602048
2939628775045293568
-474271324479553920
3030854125548168704
3345024218227752960
3317967431805396480
4173580002511971840
2949463883118896640
4507515876638082048
3877470523668195840
4299003039696478720
2886785099311572480
4164572120057015808
4443682762499261440
3011696245315298816
4164028448192415232
1841859304372856320
3696391262320097280
3010974581556463104
3588680400012273664
-5122546323480759296
4093697040102934016
-6247827572532256768
2722910066119550464
-2816006752177068544
2940174685031525376
2652490196815994880
2912696216393836032
4233816648017999872
3012813349474035200
-6327579701420267520
-4995712711673323520
2892412450580948480
2973477210579166720
2920982028455460864
2436316485361788416
-5644380402472763392
2939620646770338816
4165224923002128896
-5058771705176759296
3587549547509138944
-5058200096296450048
2435807236877345280
-6304041337207756800
2993029727157896192
4164062120772586496
3300498060721016320
3299926658276158976
3012232362762595328
4164063185925860864
3156347441378125824
4441570186281656832
1858756724059431424
130474399041414752
3364057870540105216
4137853985588011520
-2204871760346322944
8738540487784423424
3165341995747205632
-2779695253894830080
-2211955888231257088
3738279981753779200
2444783647922939904
-3896293361096300544
7632625856219145216
3009681937964098560
-509863544011726592
4129115615143151104
3003770959225906688
4074924223819565568
4072478860062984704
-1150461569517044096
4145855709238748160
2418394397991068160
3173781845120869888
254945308637555296
4100432104112211456
2868122017257891840
-5106166868825477120
3498602911521860096
3030862405841339904
3324643785641190912
4156798006010790400
3065150115998221824
3036483641153701376
3037609557737227776
4183749247915681280
4244796886596269568
4165154380949308416
2992967742256211456
-2023936030307097600
7767525106979205120
-293991510873184000
-2167486074005591040
7046312928129740800
-456050142084964096
4197804859140306944
4240573662569590272
4057608360869127680
2937413227226293760
4508007351708770816
4307619682509332992
4308968819616081920
3514668389464765952
4235223435501336064
4381361242894397440
4597902881195388416
4215822573456288768
4071562327238661120
4145891033266806784
3803759133550586368
3858943630351884800
3866807475019211776
3857782632023092224
3858380843742094336
4003045624422884352
4002480492811003904
4270996621241574912
1049066480071828480
4093517280806403584
1282884119644103680
-4905095898504665088
630989126050735872
1279085302608129536
2976507470851174400
4147173484800462336
4108013242019176960
3226697493578672128
4290725682119664128
4299839529707528704
3588517638064007680
4586614989999515136
4435403831419556352
4216100732588409344
2002726638485726720
3012268672109724672
1837953838669590528
2012471659339403264
1209982068445373952
1512852439373538816
1285420730290356736
-7985804599232464896
1220397742298646016
1277541626985603584
4394983009858382848
4504051832718587904
4055661271571963904
-6861924683048480768
7101518655538155520
-5954576353286950912
2721048127534361088
-5922488206210400256
-4133033620192707072
2937235971409905152
4579501963781169664
3711419771746221056
-7806747136738235392
7173545733059206144
-7815489422007514112
-7815543199629087744
3857783737853103616
4109473395708741120
4156180649594020352
5845507011498632192
-5147779829773409280
-5643228416001286144
8901831713156982784
-2761976816850099200
130373038081664624
4299033935744820224
2444642704343264768
5298974888926406656
6461865595685528576
-5067947852603103232
3876958847389869056
4159418024942331392
8190689309813792768
8767217259029145600
4145895266227283456
-3332333012426594816
4451150207423571456
4461147240003758592
3021701869776104960
2994815443222618624
9080310006136072192
3156947847479193600
2938468773419771392
-5057667935019503616
2795249438063370240
3291876572968855040
4540380809268000256
4092586024403953152
