4434841450016023040
2705406141720043520
4164572669911720448
3263292011358594560
4452838199513804288
4452837955673399296
3733392588144077312
4147722654300597248
3066821390685595136
3056749856532095488
4183713507479806464
3361870876432885248
4100432104112211456
3030854125548168704
4235505487439881728
3038744238143792640
-1391689471497117184
2506759853941612032
2436316485361788416
4164607469918052864
4093499716756006400
4091987621711339520
2434487848995676160
4147702343281044992
3299909029415051776
-4770531598455051264
-4663080057258678272
3083709888901301760
-4202633907286785024
3256284431438725632
-8796526957683421184
